9937,9961,1.0
8360,8372,1.0
9111,9141,1.0
9941,9967,1.0
5409,5410,1.0
8447,8458,1.0
9968,9983,1.0
8641,8642,1.0
5337,5345,1.0
5351,5353,1.0
5422,5423,1.0
790,793,1.0
9941,9981,1.0
8729,8730,1.0
5350,5354,1.0
9952,9991,1.0
8363,8367,1.0
6363,6364,1.0
9950,9989,1.0
9939,9979,1.0
5416,5417,1.0
5407,5424,1.0
7572,7584,1.0
9951,9990,1.0
8656,8657,1.0
9118,9135,1.0
9956,9995,1.0
9949,9988,1.0
5352,5354,1.0
9125,9143,1.0
5362,5364,1.0
9111,9134,1.0
9977,9998,1.0
4369,4371,1.0
9935,9997,1.0
895,897,1.0
9978,9999,1.0
9976,9997,1.0
8367,8375,1.0
5027,5053,1.0
9945,9970,1.0
8674,8675,1.0
3740,3758,1.0
9965,9980,1.0
5354,5356,1.0
5411,5412,1.0
8135,8144,1.0
8366,8381,1.0
5339,5347,1.0
5352,5356,1.0
9963,9979,1.0
4369,4373,1.0
7282,7283,1.0
5353,5355,1.0
5342,5344,1.0
5337,5341,1.0
5336,5338,1.0
9940,9965,1.0
9117,9136,1.0
8916,8923,1.0
9114,9129,1.0
3746,3764,1.0
909,921,1.0
9938,9978,1.0
9108,9124,1.0
334,336,1.0
792,794,1.0
6983,6988,1.0
5346,5348,1.0
9975,9996,1.0
8921,8923,1.0
9962,9999,1.0
7651,7657,1.0
5349,5353,1.0
7649,7655,1.0
5338,5340,1.0
8142,8165,1.0
9938,9999,1.0
920,931,1.0
9132,9139,1.0
9112,9131,1.0
9114,9142,1.0
7577,7589,1.0
8668,8669,1.0
9966,9982,1.0
4498,4499,1.0
9937,9977,1.0
5345,5347,1.0
9116,9131,1.0
5337,5343,1.0
5344,5346,1.0
9974,9995,1.0
7575,7587,1.0
5339,5345,1.0
3762,3768,1.0
9943,9968,1.0
784,791,1.0
5392,5394,1.0
3793,3825,1.0
8674,8676,1.0
8156,8170,1.0
786,792,1.0
8668,8670,1.0
9134,9141,1.0
9106,9121,1.0
911,928,1.0
9112,9116,1.0
9942,9966,1.0
9958,9975,1.0
8684,8685,1.0
4371,4373,1.0
7569,7597,1.0
7576,7588,1.0
785,793,1.0
5369,5375,1.0
9945,9985,1.0
9944,9969,1.0
9120,9123,1.0
8142,8171,1.0
9947,9987,1.0
9961,9998,1.0
908,935,1.0
8587,8608,1.0
5351,5355,1.0
5337,5347,1.0
8363,8375,1.0
785,790,1.0
8549,8559,1.0
9106,9139,1.0
5341,5345,1.0
4351,4354,1.0
8707,8708,1.0
5339,5341,1.0
9938,9962,1.0
3755,3774,1.0
9944,9984,1.0
7573,7585,1.0
5336,5340,1.0
786,794,1.0
9953,9992,1.0
9937,9998,1.0
9940,9980,1.0
8588,8609,1.0
9110,9113,1.0
5350,5356,1.0
9939,9963,1.0
9121,9132,1.0
9934,9996,1.0
5358,5361,1.0
4370,4372,1.0
7650,7656,1.0
8930,8933,1.0
5349,5351,1.0
9969,9984,1.0
9972,9994,1.0
9935,9976,1.0
9956,9974,1.0
5349,5355,1.0
9958,9996,1.0
9962,9978,1.0
2789,2790,1.0
5420,5421,1.0
8165,8171,1.0
8669,8670,1.0
9942,9982,1.0
9955,9972,1.0
7574,7586,1.0
8922,8934,1.0
9934,9958,1.0
9954,9993,1.0
9943,9983,1.0
9946,9971,1.0
9970,9985,1.0
9129,9142,1.0
8141,8156,1.0
5350,5352,1.0
9106,9132,1.0
3743,3761,1.0
9704,9718,1.0
9935,9959,1.0
5341,5343,1.0
8137,8160,1.0
5337,5339,1.0
5342,5346,1.0
5414,5415,1.0
9959,9976,1.0
5390,5394,1.0
9955,9994,1.0
5390,5392,1.0
819,3588,1.0
5391,5393,1.0
9959,9997,1.0
4361,4363,1.0
5339,5343,1.0
7647,7653,1.0
8358,8370,1.0
9936,9948,1.0
5341,5347,1.0
9971,9986,1.0
8513,8524,1.0
8675,8676,1.0
5342,5348,1.0
8693,8694,1.0
5344,5348,1.0
5343,5347,1.0
8141,8170,1.0
9107,9130,1.0
9121,9139,1.0
7579,7591,1.0
8448,8459,1.0
8916,8921,1.0
9946,9986,1.0
5418,5419,1.0
5343,5345,1.0
9934,9975,1.0
9967,9981,1.0
4360,4362,1.0
7646,7652,1.0
9961,9977,1.0
6012,6022,0.975609756097561
814,6011,0.9743589743589743
805,6011,0.9743589743589743
701,702,0.9722222222222222
9239,9240,0.9705882352941176
5417,5431,0.9655172413793104
5416,5431,0.9655172413793104
6188,6626,0.9642857142857143
5895,5896,0.9629629629629629
948,957,0.9615384615384616
2757,2778,0.9565217391304348
2763,2769,0.9555555555555556
191,192,0.9555555555555556
2794,2797,0.9545454545454546
827,6028,0.9523809523809523
805,814,0.95
801,820,0.95
2496,2497,0.95
813,3568,0.95
2648,2671,0.9487179487179487
810,6016,0.9487179487179487
810,6006,0.9487179487179487
9318,9320,0.9487179487179487
6006,6016,0.9487179487179487
6014,6025,0.9487179487179487
797,3577,0.9473684210526315
797,806,0.9473684210526315
806,3577,0.9473684210526315
799,6023,0.9459459459459459
1488,1489,0.9459459459459459
4249,4250,0.9444444444444444
4329,4330,0.9444444444444444
1905,1906,0.9444444444444444
5246,5247,0.9444444444444444
833,6034,0.9411764705882353
8137,8147,0.9393939393939394
8147,8160,0.9393939393939394
8535,8588,0.9354838709677419
8513,8609,0.9354838709677419
8448,8550,0.9354838709677419
8588,8697,0.9354838709677419
8524,8697,0.9354838709677419
8560,8588,0.9354838709677419
8535,8697,0.9354838709677419
8550,8560,0.9354838709677419
8459,8524,0.9354838709677419
8524,8550,0.9354838709677419
8459,8588,0.9354838709677419
8543,8550,0.9354838709677419
8535,8609,0.9354838709677419
8535,8543,0.9354838709677419
8513,8543,0.9354838709677419
8513,8560,0.9354838709677419
8459,8560,0.9354838709677419
8459,8535,0.9354838709677419
8543,8588,0.9354838709677419
8459,8513,0.9354838709677419
8524,8560,0.9354838709677419
8448,8588,0.9354838709677419
8535,8550,0.9354838709677419
8513,8588,0.9354838709677419
8448,8560,0.9354838709677419
8513,8535,0.9354838709677419
8524,8543,0.9354838709677419
8448,8609,0.9354838709677419
8459,8543,0.9354838709677419
8524,8588,0.9354838709677419
8513,8697,0.9354838709677419
8524,8609,0.9354838709677419
8459,8550,0.9354838709677419
8543,8609,0.9354838709677419
8535,8560,0.9354838709677419
8560,8609,0.9354838709677419
8524,8535,0.9354838709677419
8543,8560,0.9354838709677419
8560,8697,0.9354838709677419
1894,1897,0.9354838709677419
8448,8543,0.9354838709677419
8513,8550,0.9354838709677419
8459,8697,0.9354838709677419
8448,8535,0.9354838709677419
8448,8513,0.9354838709677419
8459,8609,0.9354838709677419
8609,8697,0.9354838709677419
8550,8609,0.9354838709677419
8448,8524,0.9354838709677419
8543,8697,0.9354838709677419
8448,8697,0.9354838709677419
8550,8697,0.9354838709677419
8550,8588,0.9354838709677419
5397,5427,0.9333333333333333
2760,2763,0.9333333333333333
4188,4189,0.9318181818181818
6002,6018,0.9310344827586207
818,6028,0.9302325581395349
818,827,0.9302325581395349
802,827,0.9302325581395349
802,6028,0.9302325581395349
1914,1915,0.9285714285714286
2654,2664,0.9285714285714286
9469,9471,0.9285714285714286
5402,5403,0.9285714285714286
804,826,0.9285714285714286
9957,9960,0.9259259259259259
1895,1896,0.9230769230769231
1901,1908,0.9230769230769231
6991,6995,0.92
6996,7002,0.92
799,831,0.918918918918919
831,6023,0.918918918918919
822,831,0.918918918918919
831,6013,0.918918918918919
831,6004,0.918918918918919
2756,2775,0.9148936170212766
2761,2770,0.9148936170212766
4370,4373,0.9130434782608695
4371,4372,0.9130434782608695
4369,4372,0.9130434782608695
4360,4363,0.9130434782608695
4361,4362,0.9130434782608695
2762,2769,0.9130434782608695
4360,4361,0.9130434782608695
4370,4371,0.9130434782608695
4362,4363,0.9130434782608695
4369,4370,0.9130434782608695
4372,4373,0.9130434782608695
7556,7557,0.9111111111111111
707,708,0.9090909090909091
3578,6021,0.9090909090909091
811,821,0.9090909090909091
5405,5430,0.9090909090909091
802,818,0.9090909090909091
2795,2796,0.9090909090909091
6000,6026,0.9069767441860465
8135,8143,0.90625
8143,8144,0.90625
828,6030,0.9047619047619048
4351,4352,0.9047619047619048
4352,4354,0.9047619047619048
69,70,0.9047619047619048
2468,2494,0.9032258064516129
1880,1890,0.9032258064516129
1879,1889,0.9032258064516129
5407,5414,0.9024390243902439
5415,5424,0.9024390243902439
5414,5424,0.9024390243902439
5407,5415,0.9024390243902439
5427,5431,0.9
5408,5431,0.9
5397,5431,0.9
808,817,0.8974358974358975
822,6023,0.8947368421052632
2645,2674,0.8947368421052632
822,6013,0.8947368421052632
6004,6023,0.8947368421052632
799,6004,0.8947368421052632
799,822,0.8947368421052632
799,6013,0.8947368421052632
6004,6013,0.8947368421052632
822,6004,0.8947368421052632
6013,6023,0.8947368421052632
6092,6110,0.8936170212765957
6088,6092,0.8936170212765957
816,3567,0.8918918918918919
2760,2769,0.8913043478260869
2760,2762,0.8913043478260869
2760,2773,0.8913043478260869
6099,6103,0.8888888888888888
953,957,0.8888888888888888
2668,2670,0.8888888888888888
5412,5435,0.8857142857142857
8139,8149,0.8857142857142857
5411,5435,0.8857142857142857
950,954,0.8787878787878788
6005,6017,0.8787878787878788
5406,5413,0.8787878787878788
8351,8399,0.8780487804878049
2648,2649,0.8780487804878049
2649,2671,0.8780487804878049
6073,6074,0.8775510204081632
6074,6079,0.8775510204081632
6073,6079,0.8775510204081632
9929,9931,0.875
6050,6086,0.875
2764,2767,0.875
9919,9929,0.875
2757,2764,0.875
6088,6110,0.875
2764,2778,0.875
2769,2773,0.8723404255319149
2762,2763,0.8723404255319149
6108,6118,0.8723404255319149
2763,2773,0.8723404255319149
2762,2773,0.8723404255319149
5397,5416,0.8709677419354839
5408,5427,0.8709677419354839
5397,5408,0.8709677419354839
5417,5427,0.8709677419354839
5416,5427,0.8709677419354839
5408,5417,0.8709677419354839
5408,5416,0.8709677419354839
5397,5417,0.8709677419354839
8356,8367,0.8695652173913043
8356,8363,0.8695652173913043
8356,8375,0.8695652173913043
8559,8608,0.8666666666666667
8512,8587,0.8666666666666667
8512,8534,0.8666666666666667
8523,8587,0.8666666666666667
8447,8542,0.8666666666666667
8559,8587,0.8666666666666667
8559,8696,0.8666666666666667
8542,8608,0.8666666666666667
8512,8559,0.8666666666666667
8458,8608,0.8666666666666667
8512,8523,0.8666666666666667
8534,8587,0.8666666666666667
8523,8534,0.8666666666666667
8549,8696,0.8666666666666667
8542,8587,0.8666666666666667
8542,8549,0.8666666666666667
8542,8559,0.8666666666666667
8447,8608,0.8666666666666667
8523,8542,0.8666666666666667
8534,8696,0.8666666666666667
8458,8523,0.8666666666666667
8458,8542,0.8666666666666667
8512,8549,0.8666666666666667
8458,8549,0.8666666666666667
8458,8534,0.8666666666666667
8542,8696,0.8666666666666667
8447,8523,0.8666666666666667
8549,8587,0.8666666666666667
8549,8608,0.8666666666666667
8512,8542,0.8666666666666667
8512,8608,0.8666666666666667
8458,8512,0.8666666666666667
8447,8512,0.8666666666666667
8458,8696,0.8666666666666667
8447,8549,0.8666666666666667
8534,8608,0.8666666666666667
8523,8696,0.8666666666666667
8534,8549,0.8666666666666667
8534,8559,0.8666666666666667
8447,8587,0.8666666666666667
8447,8559,0.8666666666666667
8523,8549,0.8666666666666667
8523,8559,0.8666666666666667
8447,8696,0.8666666666666667
8523,8608,0.8666666666666667
8458,8587,0.8666666666666667
8587,8696,0.8666666666666667
8447,8534,0.8666666666666667
8458,8559,0.8666666666666667
8534,8542,0.8666666666666667
8608,8696,0.8666666666666667
8512,8696,0.8666666666666667
2640,2641,0.8648648648648649
5400,5423,0.8611111111111112
5400,5422,0.8611111111111112
3796,3797,0.8604651162790697
9957,9973,0.8571428571428571
948,953,0.8571428571428571
9948,9973,0.8571428571428571
798,809,0.8571428571428571
9936,9957,0.8571428571428571
9948,9957,0.8571428571428571
798,4842,0.8571428571428571
9948,9960,0.8571428571428571
809,4842,0.8571428571428571
9936,9973,0.8571428571428571
9960,9973,0.8571428571428571
9936,9960,0.8571428571428571
6078,6092,0.8541666666666666
6092,6117,0.8541666666666666
3839,3840,0.8536585365853658
3788,3790,0.85
6103,6105,0.8478260869565217
6095,6103,0.8478260869565217
6103,6113,0.8478260869565217
2636,2644,0.8421052631578947
788,789,0.8421052631578947
6073,6098,0.84
6071,6073,0.84
6074,6076,0.84
6074,6098,0.84
6071,6084,0.84
6076,6098,0.84
6084,6098,0.84
6076,6084,0.84
6076,6079,0.84
6079,6098,0.84
6073,6076,0.84
6073,6084,0.84
6074,6084,0.84
9914,9929,0.84
6071,6098,0.84
6079,6084,0.84
6071,6079,0.84
6071,6076,0.84
6071,6074,0.84
9916,9929,0.84
5396,5426,0.8387096774193549
2665,2667,0.8378378378378378
2655,2665,0.8378378378378378
2655,2668,0.8378378378378378
2667,2668,0.8378378378378378
5414,5428,0.8372093023255814
5415,5428,0.8372093023255814
6078,6088,0.8367346938775511
6085,6086,0.8367346938775511
6050,6085,0.8367346938775511
2757,2767,0.8367346938775511
6078,6117,0.8367346938775511
6088,6117,0.8367346938775511
2767,2778,0.8367346938775511
6050,6082,0.8367346938775511
6110,6117,0.8367346938775511
6082,6085,0.8367346938775511
6078,6110,0.8367346938775511
2758,2786,0.8367346938775511
6082,6086,0.8367346938775511
6114,6115,0.8333333333333334
6108,6114,0.8333333333333334
6114,6116,0.8333333333333334
6115,6116,0.8333333333333334
6116,6118,0.8333333333333334
9334,9335,0.8333333333333334
6092,6112,0.8333333333333334
6109,6114,0.8333333333333334
6109,6116,0.8333333333333334
6092,6096,0.8333333333333334
6108,6116,0.8333333333333334
6108,6109,0.8333333333333334
6115,6118,0.8333333333333334
6109,6118,0.8333333333333334
6109,6115,0.8333333333333334
6108,6115,0.8333333333333334
2754,2755,0.8333333333333334
6114,6118,0.8333333333333334
6096,6112,0.8333333333333334
6095,6099,0.8297872340425532
6099,6105,0.8297872340425532
6072,6094,0.8297872340425532
6105,6113,0.8297872340425532
6099,6113,0.8297872340425532
6095,6105,0.8297872340425532
6095,6113,0.8297872340425532
6083,6106,0.8260869565217391
6103,6111,0.8260869565217391
8140,8167,0.8260869565217391
8140,8168,0.8260869565217391
803,6007,0.8260869565217391
9315,9320,0.8260869565217391
8167,8168,0.8260869565217391
6083,6093,0.8260869565217391
6081,6083,0.8222222222222222
6081,6093,0.8222222222222222
6081,6106,0.8222222222222222
9315,9318,0.8222222222222222
2646,2655,0.8205128205128205
2646,2665,0.8205128205128205
4364,4365,0.8181818181818182
6088,6096,0.8163265306122449
6078,6112,0.8163265306122449
6087,6112,0.8163265306122449
6096,6117,0.8163265306122449
6112,6117,0.8163265306122449
6078,6096,0.8163265306122449
6096,6110,0.8163265306122449
6087,6096,0.8163265306122449
6087,6092,0.8163265306122449
6110,6112,0.8163265306122449
6088,6112,0.8163265306122449
2636,2641,0.8157894736842105
2641,2644,0.8157894736842105
2639,2669,0.813953488372093
5398,5433,0.813953488372093
6072,6091,0.8125
6091,6094,0.8125
2642,2671,0.8095238095238095
2642,2648,0.8095238095238095
6099,6111,0.8085106382978723
6095,6111,0.8085106382978723
6105,6111,0.8085106382978723
6111,6113,0.8085106382978723
807,828,0.8043478260869565
807,6030,0.8043478260869565
807,826,0.8043478260869565
6084,6090,0.803921568627451
6079,6090,0.803921568627451
6071,6090,0.803921568627451
6090,6098,0.803921568627451
6073,6090,0.803921568627451
6074,6090,0.803921568627451
6076,6090,0.803921568627451
6050,6075,0.8
6075,6082,0.8
6087,6110,0.8
6050,6077,0.8
6077,6085,0.8
9927,9928,0.8
6087,6088,0.8
6087,6117,0.8
6075,6077,0.8
6075,6085,0.8
6075,6086,0.8
6078,6087,0.8
6077,6086,0.8
6077,6082,0.8
9923,9927,0.8
6107,6116,0.7959183673469388
2755,2759,0.7959183673469388
6107,6109,0.7959183673469388
6107,6108,0.7959183673469388
2754,2759,0.7959183673469388
6080,6091,0.7959183673469388
8484,8485,0.7959183673469388
6107,6118,0.7959183673469388
6107,6115,0.7959183673469388
6107,6114,0.7959183673469388
1861,1865,0.7959183673469388
2656,2657,0.7948717948717948
2640,2644,0.7948717948717948
2636,2640,0.7948717948717948
6072,6089,0.7916666666666666
8933,8935,0.7916666666666666
4830,4858,0.7916666666666666
6089,6094,0.7916666666666666
8930,8935,0.7916666666666666
2642,2649,0.7906976744186046
2655,2670,0.7894736842105263
2665,2668,0.7894736842105263
2655,2667,0.7894736842105263
2667,2670,0.7894736842105263
831,6032,0.7894736842105263
6093,6106,0.7872340425531915
804,807,0.7872340425531915
1010,1015,0.7857142857142857
801,830,0.7857142857142857
820,830,0.7857142857142857
1010,1013,0.7857142857142857
962,964,0.78125
4241,4243,0.7804878048780488
6995,7002,0.7777777777777778
6991,6996,0.7777777777777778
6991,7002,0.7777777777777778
3579,3580,0.7777777777777778
6995,6996,0.7777777777777778
5406,5425,0.7777777777777778
9919,9931,0.7777777777777778
891,892,0.7755102040816326
6080,6094,0.7755102040816326
6080,6089,0.7755102040816326
6072,6080,0.7755102040816326
6089,6091,0.7755102040816326
2646,2667,0.775
769,787,0.7741935483870968
6013,6032,0.7692307692307693
6004,6032,0.7692307692307693
9923,9928,0.7692307692307693
9924,9927,0.7692307692307693
5488,5491,0.7692307692307693
9912,9927,0.7692307692307693
6023,6032,0.7692307692307693
799,6032,0.7692307692307693
822,6032,0.7692307692307693
2635,2669,0.7674418604651163
2635,2639,0.7674418604651163
3705,3706,0.7674418604651163
2760,2781,0.76
5484,5488,0.76
2656,2663,0.7560975609756098
5407,5428,0.7555555555555555
5424,5428,0.7555555555555555
1529,1530,0.7551020408163265
7002,7011,0.75
6983,6996,0.75
769,786,0.75
9916,9931,0.75
6983,6991,0.75
946,949,0.75
4334,4343,0.75
6988,6991,0.75
6988,6995,0.75
6983,6995,0.75
9916,9919,0.75
2641,2673,0.75
9238,9239,0.75
1883,1891,0.75
9914,9931,0.75
9914,9919,0.75
6991,7011,0.75
6988,6996,0.75
6983,7002,0.75
2636,2643,0.75
6995,7011,0.75
769,792,0.75
6988,7002,0.75
6996,7011,0.75
769,794,0.75
2755,2764,0.7450980392156863
2769,2781,0.7450980392156863
2763,2781,0.7450980392156863
2754,2767,0.7450980392156863
2773,2781,0.7450980392156863
2762,2781,0.7450980392156863
2641,2666,0.7435897435897436
2665,2670,0.7435897435897436
829,6002,0.7419354838709677
829,6018,0.7419354838709677
9912,9923,0.7407407407407407
5487,5490,0.7407407407407407
9923,9924,0.7407407407407407
9912,9928,0.7407407407407407
9924,9928,0.7407407407407407
92,93,0.74
2637,2638,0.7368421052631579
1022,1024,0.7346938775510204
8880,8881,0.7346938775510204
1013,1015,0.7333333333333333
9238,9240,0.7333333333333333
918,924,0.7333333333333333
2646,2668,0.7317073170731707
2636,2673,0.7317073170731707
2644,2673,0.7317073170731707
2775,2786,0.7307692307692307
5485,5488,0.7307692307692307
5484,5485,0.7307692307692307
5901,5902,0.7307692307692307
2756,2786,0.7307692307692307
784,793,0.7272727272727273
784,785,0.7272727272727273
784,790,0.7272727272727273
785,791,0.7272727272727273
5913,5914,0.7272727272727273
791,793,0.7272727272727273
4259,4260,0.7272727272727273
790,791,0.7272727272727273
871,872,0.7254901960784313
2760,2766,0.7254901960784313
2636,2666,0.725
2644,2666,0.725
2640,2666,0.725
2641,2643,0.725
9914,9916,0.7241379310344828
6988,7011,0.7241379310344828
6983,7011,0.7241379310344828
2790,2791,0.72
2789,2791,0.72
8967,8968,0.71875
5396,5419,0.71875
5396,5418,0.71875
5403,5431,0.71875
1526,1533,0.7142857142857143
592,593,0.7142857142857143
2642,2657,0.7142857142857143
9912,9924,0.7142857142857143
2766,2769,0.7115384615384616
2762,2766,0.7115384615384616
2754,2764,0.7115384615384616
2766,2773,0.7115384615384616
2763,2766,0.7115384615384616
2755,2778,0.7115384615384616
2757,2759,0.7115384615384616
5420,5435,0.7105263157894737
5421,5435,0.7105263157894737
5404,5432,0.7096774193548387
7006,7010,0.7083333333333334
5914,5915,0.7083333333333334
2657,2663,0.7073170731707317
2640,2643,0.7073170731707317
2643,2644,0.7073170731707317
5911,5912,0.7058823529411765
2649,2663,0.7045454545454546
5484,5491,0.7037037037037037
5484,5489,0.7037037037037037
9925,9926,0.7037037037037037
5488,5489,0.7037037037037037
826,828,0.7021276595744681
826,6030,0.7021276595744681
2767,2780,0.6981132075471698
2758,2775,0.6981132075471698
2767,2770,0.6981132075471698
2761,2767,0.6981132075471698
2770,2787,0.6981132075471698
2766,2781,0.6981132075471698
2757,2761,0.6981132075471698
2761,2787,0.6981132075471698
2756,2758,0.6981132075471698
5403,5416,0.696969696969697
5403,5417,0.696969696969697
5402,5427,0.696969696969697
5397,5402,0.696969696969697
2781,2789,0.6923076923076923
2781,2790,0.6923076923076923
2646,2670,0.6904761904761905
2640,2673,0.6904761904761905
3572,3579,0.6896551724137931
3572,3580,0.6896551724137931
804,828,0.6875
804,6030,0.6875
2760,2790,0.6862745098039216
2783,2789,0.6862745098039216
2783,2791,0.6862745098039216
2760,2789,0.6862745098039216
2783,2790,0.6862745098039216
787,792,0.6857142857142857
2583,4967,0.6857142857142857
787,794,0.6857142857142857
786,787,0.6857142857142857
5413,5425,0.6842105263157895
2643,2666,0.6829268292682927
8773,8779,0.6818181818181818
2648,2663,0.6818181818181818
2642,2656,0.6818181818181818
2663,2671,0.6818181818181818
2636,2659,0.6818181818181818
2656,2671,0.6818181818181818
2648,2656,0.6818181818181818
1522,1544,0.68
9624,9626,0.68
6993,7000,0.68
1522,1526,0.68
1527,1537,0.68
2759,2767,0.6792452830188679
2759,2778,0.6792452830188679
2759,2764,0.6792452830188679
2754,2757,0.6792452830188679
2755,2757,0.6792452830188679
2755,2767,0.6792452830188679
2754,2778,0.6792452830188679
9922,9926,0.6785714285714286
5485,5489,0.6785714285714286
5485,5491,0.6785714285714286
9922,9925,0.6785714285714286
8920,8944,0.6739130434782609
916,927,0.673469387755102
2769,2790,0.6730769230769231
2762,2790,0.6730769230769231
2762,2789,0.6730769230769231
2773,2789,0.6730769230769231
2769,2789,0.6730769230769231
2773,2790,0.6730769230769231
2763,2790,0.6730769230769231
2763,2789,0.6730769230769231
2757,2770,0.6666666666666666
2764,2770,0.6666666666666666
2761,2778,0.6666666666666666
2815,2816,0.6666666666666666
342,352,0.6666666666666666
2761,2764,0.6666666666666666
9592,9593,0.6666666666666666
2770,2778,0.6666666666666666
2764,2780,0.6666666666666666
5402,5431,0.6666666666666666
2757,2780,0.6666666666666666
2778,2780,0.6666666666666666
2649,2656,0.6666666666666666
951,952,0.6666666666666666
927,934,0.66
1526,1540,0.66
1533,1540,0.66
1522,1540,0.66
4241,4242,0.6590909090909091
5419,5432,0.65625
5418,5432,0.65625
5489,5491,0.6551724137931034
8360,8381,0.6521739130434783
8372,8381,0.6521739130434783
8360,8366,0.6521739130434783
8366,8372,0.6521739130434783
6998,7003,0.6521739130434783
7260,7261,0.6486486486486487
5402,5416,0.6470588235294118
5397,5403,0.6470588235294118
5403,5427,0.6470588235294118
1501,1504,0.6470588235294118
5402,5408,0.6470588235294118
1522,1533,0.6470588235294118
5402,5417,0.6470588235294118
5403,5408,0.6470588235294118
5418,5426,0.6470588235294118
5419,5426,0.6470588235294118
2654,2657,0.6444444444444445
2642,2663,0.6444444444444445
2644,2659,0.6444444444444445
2661,2671,0.6444444444444445
905,912,0.6410256410256411
4967,7141,0.6388888888888888
2652,2665,0.6363636363636364
2652,2670,0.6363636363636364
2657,2671,0.6363636363636364
2656,2661,0.6363636363636364
3789,3790,0.6363636363636364
2652,2667,0.6363636363636364
2648,2657,0.6363636363636364
916,934,0.6346153846153846
880,889,0.6341463414634146
2657,2664,0.6304347826086957
2645,2659,0.6304347826086957
2659,2673,0.6304347826086957
2766,2789,0.6296296296296297
2766,2790,0.6296296296296297
9627,9628,0.6296296296296297
6061,6092,0.6296296296296297
2657,2661,0.627906976744186
2666,2673,0.627906976744186
2641,2645,0.627906976744186
4242,4243,0.627906976744186
2636,2651,0.627906976744186
2641,2674,0.627906976744186
5412,5421,0.625
2627,2629,0.625
925,927,0.625
5411,5421,0.625
5411,5420,0.625
904,933,0.625
5412,5420,0.625
2641,2659,0.6222222222222222
2649,2657,0.6222222222222222
2583,7141,0.6216216216216216
2754,2785,0.6181818181818182
2759,2785,0.6181818181818182
6061,6110,0.6181818181818182
6061,6088,0.6181818181818182
2755,2785,0.6181818181818182
1251,2364,0.6176470588235294
5396,5404,0.6176470588235294
2660,2667,0.6170212765957447
7280,7281,0.6153846153846154
1526,1544,0.6153846153846154
2650,2657,0.6136363636363636
2640,2674,0.6136363636363636
2662,2665,0.6136363636363636
2640,2645,0.6136363636363636
2662,2667,0.6136363636363636
2636,2645,0.6136363636363636
2636,2674,0.6136363636363636
2644,2674,0.6136363636363636
2643,2645,0.6136363636363636
2644,2645,0.6136363636363636
2643,2674,0.6136363636363636
2643,2673,0.6136363636363636
656,657,0.6129032258064516
2648,2661,0.6086956521739131
2651,2659,0.6086956521739131
3788,3789,0.6086956521739131
2640,2659,0.6086956521739131
2764,2787,0.6071428571428571
2761,2780,0.6071428571428571
2778,2787,0.6071428571428571
2757,2787,0.6071428571428571
2780,2787,0.6071428571428571
2770,2780,0.6071428571428571
4351,4353,0.6060606060606061
4353,4354,0.6060606060606061
801,6011,0.6041666666666666
820,6011,0.6041666666666666
2652,2668,0.6
2781,2783,0.6
1886,1890,0.6
2658,2659,0.6
2645,2673,0.6
1884,1889,0.6
2661,2663,0.6
2673,2674,0.6
2652,2655,0.6
916,925,0.6
4255,4256,0.6
2659,2674,0.5957446808510638
2646,2652,0.5957446808510638
2649,2661,0.5957446808510638
8136,8157,0.5952380952380952
1899,1911,0.5945945945945946
2760,2791,0.5925925925925926
6720,8763,0.5925925925925926
2760,2783,0.5925925925925926
801,814,0.5918367346938775
814,820,0.5918367346938775
2642,2654,0.5918367346938775
801,805,0.5918367346938775
805,820,0.5918367346938775
2759,2761,0.5892857142857143
6061,6117,0.5892857142857143
6061,6078,0.5892857142857143
925,934,0.5882352941176471
1533,1544,0.5849056603773585
2660,2670,0.5833333333333334
4247,4248,0.5833333333333334
3836,3844,0.5833333333333334
2654,2656,0.5833333333333334
2654,2663,0.5833333333333334
2660,2665,0.5833333333333334
2769,2791,0.5818181818181818
2773,2783,0.5818181818181818
2773,2791,0.5818181818181818
2769,2783,0.5818181818181818
2763,2783,0.5818181818181818
2762,2791,0.5818181818181818
2763,2791,0.5818181818181818
2762,2783,0.5818181818181818
4967,7582,0.5813953488372093
2642,2664,0.58
2646,2660,0.58
1904,1911,0.5789473684210527
2767,2785,0.5789473684210527
2778,2785,0.5789473684210527
3881,3882,0.5789473684210527
2764,2785,0.5789473684210527
2757,2785,0.5789473684210527
2767,2787,0.5789473684210527
2662,2668,0.5777777777777777
2655,2662,0.5777777777777777
2662,2670,0.5777777777777777
2646,2662,0.574468085106383
2642,2661,0.574468085106383
2643,2659,0.574468085106383
2656,2664,0.5714285714285714
2658,2673,0.5714285714285714
7376,7395,0.5714285714285714
6061,6112,0.5714285714285714
2663,2664,0.5714285714285714
1879,1884,0.5714285714285714
6061,6096,0.5714285714285714
1880,1886,0.5714285714285714
2781,2791,0.5714285714285714
2652,2660,0.5686274509803921
7141,7582,0.5681818181818182
6988,7014,0.5666666666666667
901,930,0.5666666666666667
6983,7014,0.5666666666666667
1540,1544,0.5660377358490566
8229,8235,0.5660377358490566
925,936,0.5660377358490566
2642,2650,0.5625
2652,2662,0.5625
2759,2770,0.5614035087719298
2755,2770,0.5614035087719298
2755,2761,0.5614035087719298
6061,6087,0.5614035087719298
2754,2761,0.5614035087719298
2754,2780,0.5614035087719298
2755,2780,0.5614035087719298
2759,2780,0.5614035087719298
2754,2770,0.5614035087719298
4352,4353,0.5588235294117647
2645,2666,0.5555555555555556
2640,2651,0.5555555555555556
48,9623,0.5555555555555556
2644,2651,0.5555555555555556
2666,2674,0.5555555555555556
905,918,0.5555555555555556
5404,5426,0.5555555555555556
1886,1887,0.5555555555555556
6047,6083,0.5555555555555556
2650,2661,0.5531914893617021
2650,2656,0.5531914893617021
2639,2667,0.5531914893617021
2659,2666,0.5531914893617021
2780,2785,0.5517241379310345
2654,2661,0.5510204081632653
2660,2668,0.5510204081632653
2644,2658,0.5510204081632653
2636,2658,0.5510204081632653
2655,2660,0.5510204081632653
5916,5917,0.55
7264,7265,0.55
2635,2660,0.5490196078431373
3228,3229,0.5490196078431373
2649,2654,0.5490196078431373
6047,6081,0.5471698113207547
927,936,0.5454545454545454
912,918,0.5454545454545454
2801,2811,0.543859649122807
934,936,0.543859649122807
2651,2673,0.5434782608695652
2583,8928,0.5434782608695652
2635,2667,0.5434782608695652
2635,2665,0.5434782608695652
2635,2670,0.5434782608695652
55,60,0.5428571428571428
2661,2664,0.54
2650,2654,0.54
2647,2673,0.54
2649,2664,0.5384615384615384
48,9625,0.5384615384615384
457,458,0.5365853658536586
1899,1904,0.5365853658536586
4326,4342,0.5357142857142857
2641,2651,0.5333333333333333
2583,7582,0.5333333333333333
2651,2666,0.5333333333333333
5904,5905,0.53125
2648,2650,0.5306122448979592
2658,2666,0.5306122448979592
2641,2658,0.5306122448979592
2650,2671,0.5306122448979592
2635,2652,0.5306122448979592
2647,2666,0.5306122448979592
2650,2664,0.5294117647058824
2654,2671,0.5294117647058824
2648,2654,0.5294117647058824
906,922,0.5277777777777778
6047,6106,0.5272727272727272
1537,1544,0.5272727272727272
6047,6093,0.5272727272727272
1900,1907,0.5263157894736842
916,936,0.5263157894736842
2643,2651,0.5217391304347826
4967,6365,0.5217391304347826
4967,8928,0.5217391304347826
2639,2665,0.5208333333333334
2665,2669,0.5208333333333334
2668,2669,0.5208333333333334
2639,2655,0.5208333333333334
2667,2669,0.5208333333333334
2650,2663,0.5208333333333334
2655,2669,0.5208333333333334
2639,2668,0.5208333333333334
2643,2658,0.52
2644,2647,0.52
2636,2647,0.52
2649,2650,0.52
2647,2651,0.52
2640,2658,0.52
2660,2662,0.5192307692307693
2648,2664,0.5192307692307693
2664,2671,0.5192307692307693
2647,2658,0.5185185185185185
890,892,0.5178571428571429
2766,2791,0.5172413793103449
2766,2783,0.5172413793103449
2772,2784,0.5172413793103449
9619,9620,0.5161290322580645
9660,9672,0.5151515151515151
6990,7011,0.5151515151515151
1251,6574,0.5128205128205128
2635,2668,0.5106382978723404
2635,2655,0.5106382978723404
2583,6365,0.5106382978723404
2651,2674,0.5106382978723404
2645,2651,0.5106382978723404
2635,2662,0.5102040816326531
2635,2646,0.5102040816326531
905,924,0.5102040816326531
7595,7641,0.5102040816326531
2645,2658,0.5098039215686274
1527,1540,0.509090909090909
7562,7641,0.509090909090909
7562,7595,0.509090909090909
7451,7455,0.509090909090909
1537,1540,0.509090909090909
890,891,0.5087719298245614
