4369	4371	1.0
4369	4373	1.0
4371	4373	1.0
785	793	1.0
784	791	1.0
790	793	1.0
4361	4363	1.0
5391	5393	1.0
8448	8459	1.0
8707	8708	1.0
5414	5415	1.0
5420	5421	1.0
5422	5423	1.0
8729	8730	1.0
5416	5417	1.0
5418	5419	1.0
8549	8559	1.0
895	897	1.0
9121	9139	1.0
4498	4499	1.0
9120	9123	1.0
7577	7589	1.0
7579	7591	1.0
8358	8370	1.0
9125	9143	1.0
7573	7585	1.0
8360	8372	1.0
7575	7587	1.0
7569	7597	1.0
9134	9141	1.0
909	921	1.0
908	935	1.0
9132	9139	1.0
3740	3758	1.0
920	931	1.0
3755	3774	1.0
3746	3764	1.0
8588	8609	1.0
5027	5053	1.0
9106	9121	1.0
9106	9139	1.0
9111	9141	1.0
9110	9113	1.0
9114	9129	1.0
9112	9131	1.0
3762	3768	1.0
9118	9135	1.0
9116	9131	1.0
9958	9996	1.0
9959	9976	1.0
7647	7653	1.0
9956	9974	1.0
8674	8675	1.0
9955	9994	1.0
9955	9972	1.0
9953	9992	1.0
9966	9982	1.0
5342	5344	1.0
5342	5346	1.0
5342	5348	1.0
9965	9980	1.0
5336	5338	1.0
5336	5340	1.0
9962	9978	1.0
8684	8685	1.0
5338	5340	1.0
9961	9998	1.0
9975	9996	1.0
8142	8165	1.0
8142	8171	1.0
9972	9994	1.0
9971	9986	1.0
9969	9984	1.0
8447	8458	1.0
9977	9998	1.0
5362	5364	1.0
9934	9958	1.0
9934	9996	1.0
9935	9976	1.0
4351	4354	1.0
2789	2790	1.0
9942	9966	1.0
9942	9982	1.0
8656	8657	1.0
9943	9968	1.0
5350	5352	1.0
5350	5354	1.0
5350	5356	1.0
9940	9980	1.0
5344	5346	1.0
5344	5348	1.0
9938	9962	1.0
9938	9978	1.0
5346	5348	1.0
9936	9948	1.0
9937	9998	1.0
8922	8934	1.0
9951	9990	1.0
8165	8171	1.0
9949	9988	1.0
5352	5354	1.0
5352	5356	1.0
7649	7655	1.0
8668	8669	1.0
9946	9986	1.0
5354	5356	1.0
7651	7657	1.0
9944	9984	1.0
9945	9970	1.0
4370	4372	1.0
5392	5394	1.0
5407	5424	1.0
786	792	1.0
786	794	1.0
785	790	1.0
4360	4362	1.0
792	794	1.0
5390	5392	1.0
5390	5394	1.0
5409	5410	1.0
5411	5412	1.0
819	3588	1.0
334	336	1.0
8513	8524	1.0
7282	7283	1.0
9121	9132	1.0
7576	7588	1.0
7572	7584	1.0
9129	9142	1.0
7574	7586	1.0
8363	8367	1.0
8363	8375	1.0
911	928	1.0
8366	8381	1.0
8367	8375	1.0
3743	3761	1.0
8587	8608	1.0
9107	9130	1.0
9106	9132	1.0
9111	9134	1.0
9108	9124	1.0
9114	9142	1.0
9112	9116	1.0
9117	9136	1.0
8930	8933	1.0
9958	9975	1.0
9959	9997	1.0
8675	8676	1.0
7646	7652	1.0
8156	8170	1.0
8674	8676	1.0
9956	9995	1.0
9954	9993	1.0
9952	9991	1.0
5341	5343	1.0
5341	5345	1.0
5341	5347	1.0
9967	9981	1.0
5343	5345	1.0
5343	5347	1.0
5337	5339	1.0
5337	5341	1.0
5337	5343	1.0
5337	5345	1.0
5337	5347	1.0
9704	9718	1.0
9962	9999	1.0
9963	9979	1.0
5339	5341	1.0
5339	5343	1.0
5339	5345	1.0
5339	5347	1.0
9961	9977	1.0
9974	9995	1.0
8141	8156	1.0
8141	8170	1.0
8693	8694	1.0
9970	9985	1.0
8137	8160	1.0
9968	9983	1.0
8135	8144	1.0
9978	9999	1.0
3793	3825	1.0
9976	9997	1.0
8641	8642	1.0
9934	9975	1.0
9935	9997	1.0
9935	9959	1.0
5369	5375	1.0
5349	5351	1.0
5349	5353	1.0
5349	5355	1.0
9943	9983	1.0
9940	9965	1.0
5351	5353	1.0
5351	5355	1.0
9941	9967	1.0
9941	9981	1.0
5345	5347	1.0
9938	9999	1.0
9939	9963	1.0
9939	9979	1.0
8916	8921	1.0
8916	8923	1.0
9937	9961	1.0
9937	9977	1.0
9950	9989	1.0
5358	5361	1.0
8921	8923	1.0
8669	8670	1.0
9946	9971	1.0
9947	9987	1.0
5353	5355	1.0
8668	8670	1.0
9944	9969	1.0
9945	9985	1.0
7650	7656	1.0
6363	6364	0.975
7610	7620	0.9727272727272728
6188	6626	0.9714285714285714
5406	5429	0.967391304347826
9239	9240	0.967391304347826
5895	5896	0.9615384615384616
871	872	0.9609375
701	702	0.9578947368421052
5399	5430	0.9540229885057471
5417	5431	0.9529411764705882
5416	5431	0.9529411764705882
5246	5247	0.95
1905	1906	0.9494949494949495
4259	4260	0.9473684210526315
6983	6988	0.9466666666666667
9318	9320	0.9459459459459459
2757	2778	0.9453125
4188	4189	0.9453125
2496	2497	0.9444444444444444
4329	4330	0.9433962264150944
2760	2763	0.943089430894309
9315	9320	0.9391304347826087
5402	5403	0.9390243902439024
9315	9318	0.9375
2763	2769	0.936
1895	1896	0.9358974358974359
3705	3706	0.9351851851851852
1894	1897	0.9347826086956522
1488	1489	0.9339622641509434
707	708	0.9333333333333333
827	6028	0.9327731092436975
818	6028	0.9322033898305084
5397	5427	0.9318181818181818
2468	2494	0.9318181818181818
805	6011	0.9316239316239316
2762	2769	0.928
8139	8149	0.9278350515463918
3578	6021	0.9256198347107438
802	818	0.9243697478991597
802	6028	0.9243697478991597
1914	1915	0.9240506329113924
1901	1908	0.9230769230769231
8543	8560	0.9230769230769231
5399	5405	0.9222222222222223
5405	5430	0.9222222222222223
948	957	0.922077922077922
6050	6094	0.921875
4249	4250	0.9215686274509803
1880	1890	0.9213483146067416
9314	9318	0.9210526315789473
2648	2671	0.9210526315789473
833	6034	0.92
950	954	0.9183673469387755
799	6023	0.9181818181818182
822	6013	0.9181818181818182
6103	6118	0.9180327868852459
6014	6025	0.9174311926605505
6012	6022	0.9173553719008265
831	6013	0.9166666666666666
831	6023	0.9166666666666666
818	827	0.9166666666666666
5409	5426	0.9166666666666666
5410	5426	0.9166666666666666
6074	6088	0.916030534351145
814	6011	0.9159663865546218
805	814	0.9159663865546218
6991	6995	0.9154929577464789
191	192	0.9153846153846154
9314	9315	0.9152542372881356
2710	2713	0.9146341463414634
8135	8143	0.9139784946236559
8143	8144	0.9139784946236559
6000	6026	0.9137931034482759
8550	8560	0.9120879120879121
8535	8550	0.9120879120879121
8535	8560	0.9120879120879121
5407	5415	0.9107142857142857
5407	5414	0.9107142857142857
5415	5424	0.9107142857142857
5414	5424	0.9107142857142857
7556	7557	0.9105691056910569
802	827	0.9090909090909091
2645	2674	0.9090909090909091
6013	6023	0.9090909090909091
6074	6093	0.9090909090909091
6073	6079	0.9090909090909091
5911	5912	0.9090909090909091
804	826	0.9090909090909091
799	831	0.908256880733945
822	831	0.908256880733945
831	6004	0.908256880733945
828	6030	0.908256880733945
797	3577	0.9074074074074074
5206	5209	0.9074074074074074
6086	6094	0.9069767441860465
9314	9320	0.9067796610169492
8137	8147	0.90625
8147	8160	0.90625
2794	2797	0.90625
811	821	0.9051724137931034
2795	2796	0.9051724137931034
813	3568	0.9047619047619048
2760	2762	0.904
816	3567	0.9038461538461539
9469	9471	0.9036144578313253
5406	5413	0.9032258064516129
5400	5423	0.9032258064516129
5400	5422	0.9032258064516129
8356	8363	0.9032258064516129
8356	8367	0.9032258064516129
8356	8375	0.9032258064516129
4241	4242	0.9029126213592233
810	6016	0.9026548672566371
6006	6016	0.9026548672566371
6088	6093	0.9022556390977443
8535	8543	0.9021739130434783
8513	8550	0.9021739130434783
8524	8550	0.9021739130434783
8543	8550	0.9021739130434783
6074	6079	0.9015151515151515
6073	6074	0.9015151515151515
799	6013	0.9009009009009009
822	6023	0.9009009009009009
6004	6013	0.9009009009009009
6004	6023	0.9009009009009009
1879	1889	0.9
