7282	7283	1.0
8358	8370	1.0
8360	8372	1.0
8363	8367	1.0
8363	8375	1.0
8366	8381	1.0
8367	8375	1.0
5336	5338	1.0
5336	5340	1.0
5337	5339	1.0
5337	5341	1.0
5337	5343	1.0
5337	5345	1.0
5337	5347	1.0
5338	5340	1.0
5339	5341	1.0
5339	5343	1.0
5339	5345	1.0
5339	5347	1.0
5341	5343	1.0
5341	5345	1.0
5341	5347	1.0
5342	5344	1.0
5342	5346	1.0
5342	5348	1.0
5343	5345	1.0
5343	5347	1.0
5344	5346	1.0
5344	5348	1.0
5345	5347	1.0
5346	5348	1.0
5349	5351	1.0
5349	5353	1.0
5349	5355	1.0
5350	5352	1.0
5350	5354	1.0
5350	5356	1.0
5351	5353	1.0
5351	5355	1.0
5352	5354	1.0
5352	5356	1.0
5353	5355	1.0
5354	5356	1.0
5358	5361	1.0
5362	5364	1.0
5369	5375	1.0
4351	4354	1.0
8447	8458	1.0
8448	8459	1.0
4360	4362	1.0
4361	4363	1.0
5390	5392	1.0
5390	5394	1.0
5391	5393	1.0
5392	5394	1.0
4369	4371	1.0
4369	4373	1.0
4370	4372	1.0
4371	4373	1.0
5407	5424	1.0
5409	5410	1.0
5411	5412	1.0
5414	5415	1.0
5416	5417	1.0
5418	5419	1.0
5420	5421	1.0
5422	5423	1.0
8513	8524	1.0
334	336	1.0
8549	8559	1.0
8587	8608	1.0
8588	8609	1.0
7569	7597	1.0
4498	4499	1.0
7572	7584	1.0
7573	7585	1.0
7574	7586	1.0
7575	7587	1.0
7576	7588	1.0
7577	7589	1.0
7579	7591	1.0
8641	8642	1.0
8656	8657	1.0
8668	8669	1.0
8668	8670	1.0
8669	8670	1.0
7646	7652	1.0
7647	7653	1.0
7649	7655	1.0
7650	7656	1.0
8674	8675	1.0
8674	8676	1.0
7651	7657	1.0
8675	8676	1.0
9704	9718	1.0
8684	8685	1.0
8693	8694	1.0
8707	8708	1.0
8729	8730	1.0
3740	3758	1.0
3743	3761	1.0
3746	3764	1.0
3755	3774	1.0
3762	3768	1.0
9934	9958	1.0
9934	9975	1.0
9934	9996	1.0
9935	9959	1.0
9935	9976	1.0
9935	9997	1.0
9936	9948	1.0
3793	3825	1.0
9937	9961	1.0
9937	9977	1.0
9937	9998	1.0
9938	9962	1.0
9938	9978	1.0
9938	9999	1.0
9939	9963	1.0
9939	9979	1.0
8916	8921	1.0
8916	8923	1.0
9940	9965	1.0
9940	9980	1.0
9941	9967	1.0
9941	9981	1.0
9942	9966	1.0
9942	9982	1.0
9943	9968	1.0
9943	9983	1.0
9944	9969	1.0
9944	9984	1.0
8921	8923	1.0
9945	9970	1.0
9945	9985	1.0
8922	8934	1.0
9946	9971	1.0
9946	9986	1.0
9947	9987	1.0
9949	9988	1.0
9950	9989	1.0
9951	9990	1.0
9952	9991	1.0
9953	9992	1.0
8930	8933	1.0
9954	9993	1.0
9955	9972	1.0
9955	9994	1.0
9956	9974	1.0
9956	9995	1.0
2789	2790	1.0
9958	9975	1.0
9958	9996	1.0
9959	9976	1.0
9959	9997	1.0
9961	9977	1.0
9961	9998	1.0
9962	9978	1.0
9962	9999	1.0
9963	9979	1.0
9965	9980	1.0
9966	9982	1.0
9967	9981	1.0
9968	9983	1.0
9969	9984	1.0
9970	9985	1.0
9971	9986	1.0
9972	9994	1.0
9974	9995	1.0
9975	9996	1.0
9976	9997	1.0
9977	9998	1.0
9978	9999	1.0
784	791	1.0
785	790	1.0
785	793	1.0
786	792	1.0
786	794	1.0
790	793	1.0
792	794	1.0
819	3588	1.0
833	6034	1.0
895	897	1.0
908	935	1.0
909	921	1.0
911	928	1.0
9106	9121	1.0
9106	9132	1.0
9106	9139	1.0
9107	9130	1.0
9108	9124	1.0
9110	9113	1.0
9111	9134	1.0
9111	9141	1.0
920	931	1.0
9112	9116	1.0
9112	9131	1.0
9114	9129	1.0
9114	9142	1.0
9116	9131	1.0
9117	9136	1.0
9118	9135	1.0
9120	9123	1.0
9121	9132	1.0
9121	9139	1.0
5027	5053	1.0
9125	9143	1.0
9129	9142	1.0
9132	9139	1.0
9134	9141	1.0
8135	8144	1.0
8137	8160	1.0
8141	8156	1.0
8141	8170	1.0
8142	8165	1.0
8142	8171	1.0
8156	8170	1.0
8165	8171	1.0
7610	7620	0.99
9239	9240	0.98
6363	6364	0.98
6188	6626	0.97
4259	4260	0.97
5406	5429	0.97
701	702	0.97
2757	2778	0.97
2760	2763	0.97
2763	2769	0.97
2794	2797	0.97
6983	6988	0.97
1905	1906	0.97
4188	4189	0.96
5246	5247	0.96
4329	4330	0.96
5399	5405	0.96
5399	5430	0.96
5402	5403	0.96
1488	1489	0.96
2756	2775	0.96
8922	8935	0.96
8934	8935	0.96
822	831	0.96
831	6013	0.96
831	6004	0.96
871	872	0.96
9315	9318	0.95
2496	2497	0.95
3705	3706	0.95
2762	2769	0.95
6012	6022	0.95
6014	6025	0.95
6103	6118	0.95
9315	9320	0.94
9318	9320	0.94
4241	4242	0.94
4249	4250	0.94
5416	5431	0.94
5417	5431	0.94
8535	8543	0.94
707	708	0.94
2760	2769	0.94
5895	5896	0.94
799	831	0.94
799	6023	0.94
1895	1896	0.94
6071	6076	0.94
8448	8513	0.93
8448	8524	0.93
8459	8513	0.93
8459	8524	0.93
5408	5416	0.93
5408	5417	0.93
8535	8550	0.93
2760	2762	0.93
2761	2770	0.93
2764	2767	0.93
2769	2773	0.93
810	6006	0.93
813	3568	0.93
816	3567	0.93
818	6028	0.93
822	6013	0.93
6002	6018	0.93
6006	6016	0.93
1914	1915	0.93
6071	6106	0.93
6076	6106	0.93
8139	8149	0.93
6099	6118	0.93
6099	6103	0.93
9469	9471	0.92
8448	8535	0.92
8459	8535	0.92
5397	5416	0.92
5397	5417	0.92
5397	5427	0.92
5405	5430	0.92
5409	5426	0.92
5410	5426	0.92
8535	8560	0.92
8543	8560	0.92
2762	2773	0.92
2762	2763	0.92
806	3577	0.92
811	821	0.92
822	6004	0.92
831	6023	0.92
1901	1908	0.92
6004	6013	0.92
6073	6079	0.92
6073	6088	0.92
6073	6092	0.92
6073	6110	0.92
8135	8143	0.92
8143	8144	0.92
6097	6105	0.92
6105	6113	0.92
5206	5209	0.91
9314	9318	0.91
5397	5431	0.91
5400	5422	0.91
5400	5423	0.91
5408	5431	0.91
8513	8535	0.91
8524	8535	0.91
8543	8550	0.91
3435	3438	0.91
2760	2773	0.91
2762	2781	0.91
2769	2781	0.91
799	822	0.91
799	6013	0.91
799	6004	0.91
804	826	0.91
805	814	0.91
818	827	0.91
1880	1890	0.91
6050	6094	0.91
6071	6073	0.91
6073	6083	0.91
6073	6106	0.91
6073	6074	0.91
6073	6076	0.91
6074	6110	0.91
6079	6088	0.91
6083	6088	0.91
6083	6092	0.91
6083	6106	0.91
6083	6110	0.91
6088	6110	0.91
6092	6110	0.91
6105	6116	0.91
191	192	0.9
8448	8543	0.9
8448	8550	0.9
8459	8543	0.9
8459	8550	0.9
5401	5404	0.9
2468	2494	0.9
3578	6021	0.9
2640	2641	0.9
2710	2713	0.9
9927	9931	0.9
2763	2773	0.9
2766	2767	0.9
3796	3797	0.9
9957	9960	0.9
801	820	0.9
808	817	0.9
810	6016	0.9
814	6011	0.9
827	6028	0.9
1894	1897	0.9
948	957	0.9
950	954	0.9
6071	6083	0.9
6071	6088	0.9
6072	6091	0.9
6073	6093	0.9
6074	6079	0.9
6076	6117	0.9
6076	6083	0.9
6079	6083	0.9
6079	6110	0.9
6095	6105	0.9
6097	6113	0.9
6099	6105	0.9
6105	6115	0.9
