785	793	1.0
909	921	1.0
784	791	1.0
785	790	1.0
908	935	1.0
792	794	1.0
895	897	1.0
911	928	1.0
920	931	1.0
790	793	1.0
786	792	1.0
786	794	1.0
334	336	1.0
871	872	0.9609375
701	702	0.9578947368421052
707	708	0.9333333333333333
802	818	0.9243697478991597
948	957	0.922077922077922
950	954	0.9183673469387755
818	827	0.9166666666666666
805	814	0.9159663865546218
191	192	0.9153846153846154
804	826	0.9090909090909091
802	827	0.9090909090909091
799	831	0.908256880733945
822	831	0.908256880733945
811	821	0.9051724137931034
